F (Viana_do_Castelo) (Espanha)
42.154193 -8.198842
42.060441 -8.090744
41.934908 -8.200607
41.818119 -8.164977

F (Viana_do_Castelo) (Espanha)
41.867635 -8.870859
41.994065 -8.675079
42.083819 -8.452606
42.154193 -8.198842

F (Viana_do_Castelo) (Mar)
41.867635 -8.870859
41.785581 -8.874893
41.703610 -8.861160
41.612328 -8.810692

F (Viana_do_Castelo) (Braga)
41.612328 -8.810692
41.646099 -8.556976
41.767146 -8.376389
41.818119 -8.164977

F (Braga) (Mar)
41.612328 -8.810692
41.570183 -8.800735
41.528045 -8.789749
41.470447 -8.777390

F (Braga) (Porto)
41.470447 -8.777390
41.343687 -8.545990
41.401398 -8.221893
41.372549 -7.974701

F (Braga) (Vila_Real)
41.372549 -7.974701
41.584497 -7.820892
41.680981 -8.002167
41.818119 -8.164977

F (Vila_Real) (Espanha)
41.878696 -7.200851
41.865334 -7.513275
41.875560 -7.820892
41.818119 -8.164977

F (Vila_Real) (Porto)
41.372549 -7.974701
41.318938 -7.941742
41.273541 -7.906036
41.184718 -7.895050

F (Vila_Real) (Viseu)
41.184718 -7.895050
41.164044 -7.785187
41.166111 -7.642365
41.212686 -7.427444

F (Vila_Real) (Braganca)
41.212686 -7.427444
41.442589 -7.356720
41.660464 -7.222137
41.878696 -7.200851

F (Braganca) (Guarda)
41.212686 -7.427444
41.137158 -7.249603
41.060577 -7.065582
41.027433 -6.823883

F (Braganca) (Espanha)
41.027433 -6.823883
41.238439 -6.576691
41.384915 -6.324005
41.592714 -6.208649

F (Braganca) (Espanha)
41.592714 -6.208649
41.758883 -6.554718
41.981817 -6.777191
41.878696 -7.200851

F (Porto) (Mar)
41.470447 -8.777390
41.318938 -8.740997
41.164044 -8.691559
41.016658 -8.641777

F (Porto) (Aveiro)
41.016658 -8.641777
41.014033 -8.505478
41.040969 -8.372269
41.070931 -8.246613

F (Porto) (Viseu)
41.070931 -8.246613
41.093773 -8.107224
41.114469 -7.974014
41.184718 -7.895050

F (Aveiro) (Mar)
41.016658 -8.641777
40.859387 -8.683319
40.697160 -8.738251
40.515748 -8.782196

F (Aveiro) (Coimbra)
40.515748 -8.782196
40.436356 -8.644867
40.400808 -8.488312
40.356870 -8.367462

F (Aveiro) (Viseu)
40.356870 -8.367462
40.622153 -8.257599
40.851077 -8.106537
41.070931 -8.246613

F (Viseu) (Coimbra)
40.356870 -8.367462
40.338031 -8.175201
40.402900 -7.985687
40.494864 -7.829132

F (Viseu) (Guarda)
40.494864 -7.829132
40.724225 -7.590179
40.925827 -7.351227
41.212686 -7.427444

F (Guarda) (Coimbra)     
40.494864 -7.829132
40.407083 -7.826385
40.335937 -7.779694
40.229078 -7.785187

F (Guarda) (Castelo_Branco)     
40.229078 -7.785187
40.392441 -7.491302
40.266813 -7.257843
40.258429 -6.950226

F (Guarda) (Espanha)     
40.258429 -6.950226
40.499042 -6.810150
40.782483 -6.821136
41.027433 -6.823883

F (Coimbra) (Mar)     
40.515748 -8.782196
40.369427 -8.831635
40.222787 -8.897552
40.048503 -8.897552

F (Coimbra) (Leiria)     
40.048503 -8.897552
39.995920 -8.614655
39.964350 -8.342743
39.943296 -8.106537

F (Coimbra) (Castelo_Branco)     
39.943296 -8.106537
40.010647 -7.908783
40.109448 -7.746735
40.229078 -7.785187

F (Castelo_Branco) (Leiria)     
39.943296 -8.106537
39.880094 -8.180695
39.825272 -8.265839
39.742957 -8.241119

F (Castelo_Branco) (Portalegre)
39.742957 -8.241119
39.664773 -8.004913
39.590733 -7.771454
39.647856 -7.529755

F (Castelo_Branco) (Espanha)
39.647856 -7.529755
39.671115 -7.010651
40.002232 -6.876068
40.258429 -6.950226

F (Portalegre) (Santarem)
39.742957 -8.241119
39.391490 -7.969208
39.195935 -8.202667
38.997557 -8.209534

F (Portalegre) (Evora)
38.997557 -8.209534
38.912265 -7.867584
38.910128 -7.452850
38.756082 -7.202911

F (Portalegre) (Espanha)
38.756082 -7.202911
39.068105 -6.969452
39.327782 -7.299042
39.647856 -7.529755

F (Leiria) (Mar)
40.048503 -8.897552
39.816834 -9.007416
39.552624 -9.111786
39.289530 -9.347992

F (Leiria) (Lisboa)
39.289530 -9.347992
39.293781 -9.210663
39.268269 -9.103546
39.283152 -8.985443

F (Leiria) (Santarem)
39.283152 -8.985443
39.529325 -8.705292
39.785183 -8.587189
39.742957 -8.241119

F (Santarem) (Lisboa)
39.283152 -8.985443
39.151221 -8.861847
38.972080 -8.864594
38.788203 -8.941498

F (Santarem) (Setubal)
38.788203 -8.941498
38.738946 -8.784943
38.818169 -8.661346
38.764649 -8.532257

F (Santarem) (Evora)
38.764649 -8.532257
38.843844 -8.334503
38.809608 -8.142242
38.997557 -8.209534

F (Lisboa) (Mar)
39.289530 -9.347992
39.102215 -9.400177
38.702516 -9.499054
38.685367 -9.298553

F (Lisboa) (Setubal)
38.685367 -9.298553
38.704660 -9.144745
38.771074 -9.037628
38.788203 -8.941498

F (Setubal) (Mar)
38.685367 -9.298553
38.414719 -9.188690
38.466349 -8.875580
37.813834 -8.802795

F (Setubal) (Beja)
37.813834 -8.802795
37.829166 -8.383942
38.127931 -8.350983
38.315514 -8.160095

F (Setubal) (Evora)
38.315514 -8.160095
38.541578 -8.367462
38.593117 -8.625641
38.764649 -8.532257

F (Evora) (Beja)
38.315514 -8.160095
38.244508 -7.804413
38.238036 -7.447357
38.272545 -7.161713

F (Evora) (Espanha)
38.272545 -7.161713
38.440539 -7.321014
38.616727 -7.252350
38.756082 -7.202911

F (Beja) (Mar)
37.813834 -8.802795
37.694543 -8.793182
37.570560 -8.809662
37.426743 -8.804169

F (Beja) (Faro)
37.426743 -8.804169
37.396201 -8.348236
37.413655 -7.886810
37.522652 -7.510529

F (Beja) (Espanha)
37.522652 -7.510529
37.987360 -7.246857
38.140893 -6.947479
38.272545 -7.161713

F (Faro) (Mar)
37.426743 -8.804169
37.306684 -8.875580
37.182056 -8.905792
37.006793 -8.952484

F (Faro) (Mar)
37.006793 -8.952484
37.087903 -8.447113
36.967303 -7.873077
37.166737 -7.392426

F (Faro) (Espanha)
37.166737 -7.392426
37.295760 -7.436371
37.424562 -7.455597
37.522652 -7.510529